3 30 3
27 763 426 211 429 862 135 22 167 11 373 784 324 413 980 862 281 84 505 313 895 814 364 87 178 403 399 676 12 94 
777 335 649 
4.48791 7.5133 4.63459 3.71712 2.85 3.59547 8.38475 3.90063 8.70883 3.69103 7.53236 1.71172 5.97003 4.80418 7.0412 4.24232 4.20193 2.67686 5.05594 3.14014 7.4254 2.53671 3.99881 4.98037 5.8457 3.26377 1.19269 8.33471 1.79936 3.76364 
1.65484 3.93732 3.71446 4.99608 2.41853 2.32723 5.78358 5.14106 6.28784 1.78362 5.664 5.07372 2.38296 2.62909 3.45811 5.84566 6.89814 5.57948 2.62017 4.03981 4.22456 1.11647 2.03 6.14479 2.85671 2.6462 3.30092 5.205 3.65826 3.76085 
1.13464 5.13622 5.52841 3.38817 1.00499 4.08883 4.74368 6.44846 5.1069 0.186011 4.11752 4.54041 3.12477 1.15663 4.04079 7.06343 5.68423 4.63781 1.40577 5.36347 5.89143 2.18403 0.347851 4.38536 4.70511 4.26367 3.96104 6.87434 2.72184 1.93041 
525.376 655.589 134.629 
882.144 767.712 529.06 
643.867 253.239 542.129 
258.884 745.183 324.549 
319.352 591.849 77.1298 
534.731 294.717 397.819 
859.279 1074.4 499.794 
552.424 16.6433 625.259 
879.269 1121.88 535.269 
430.116 621.332 36.6742 
740.223 1039.34 433.018 
50.3289 509.816 428.432 
705.025 704.918 330.51 
520.461 734.118 141.156 
807.759 802.574 424.736 
573.147 89.8944 685.61 
239.727 772.162 548.336 
87.2067 624.119 440.511 
552.844 744.71 166.784 
488.895 94.1116 517.464 
897.396 671.509 597.716 
394.819 415.202 203.039 
452.283 655.122 61.0328 
366.191 873.06 429.2 
743.455 527.956 474.068 
505.202 244.561 412.393 
298.744 266.865 372.651 
991.805 733.197 696.233 
147.763 549.659 247.655 
338.599 719.423 185.569 
