3 30 3
27 763 426 211 429 862 135 22 167 11 373 784 324 413 980 862 281 84 505 313 895 814 364 87 178 403 399 676 12 94 
777000 335000 649000 
448791 751330 463459 371712 285000 359547 838475 390063 870883 369103 753236 171172 597003 480418 704120 424232 420193 267686 505594 314014 742540 253671 399881 498037 584570 326377 119269 833471 179936 376364 
165484 393732 371446 499608 241853 232723 578358 514106 628784 178362 566400 507372 238296 262909 345811 584566 689814 557948 262017 403981 422456 111647 203000 614479 285671 264620 330092 520500 365826 376085 
113464 513622 552841 338817 100499 408883 474368 644846 510690 18601.1 411752 454041 312477 115663 404079 706343 568423 463781 140577 536347 589143 218403 34785.1 438536 470511 426367 396104 687434 272184 193041 
525376 655589 134629 
882144 767712 529060 
643867 253239 542129 
258884 745183 324549 
319352 591849 77129.8 
534731 294717 397819 
859279 1.0744e+06 499794 
552424 16643.3 625259 
879269 1.12188e+06 535269 
430116 621332 36674.2 
740223 1.03934e+06 433018 
50328.9 509816 428432 
705025 704918 330510 
520461 734118 141156 
807759 802574 424736 
573147 89894.4 685610 
239727 772162 548336 
87206.7 624119 440511 
552844 744710 166784 
488895 94111.6 517464 
897396 671509 597716 
394819 415202 203039 
452283 655122 61032.8 
366191 873060 429200 
743455 527956 474068 
505202 244561 412393 
298744 266865 372651 
991805 733197 696233 
147763 549659 247655 
338599 719423 185569 
