3 30 30
676 12 94 570 467 902 652 280 865 619 31 771 709 856 586 683 528 829 270 715 796 245 921 488 841 500 124 856 227 936 
777000 335000 649000 27000 763000 426000 211000 429000 862000 135000 22000 167000 11000 373000 784000 324000 413000 980000 862000 281000 84000 505000 313000 895000 814000 364000 87000 178000 403000 399000 
7.00772 1.98595 2.08952 2.6643 1.73012 4.84435 1.29252 4.09238 1.828 2.78385 1.7818 5.52577 1.3333 4.95259 2.08396 5.86612 2.25162 4.74849 5.36717 1.69544 4.12393 2.98613 4.25906 2.11454 4.63199 3.67271 4.51412 6.49938 3.16735 3.15203 
5.22732 5.15637 4.15554 5.76102 1.5003 2.09898 2.89993 3.27246 2.61094 3.31904 5.01009 3.45776 4.4916 5.95836 1.38654 5.3373 4.5204 6.65111 2.19173 4.84934 1.251 4.83628 4.65843 1.91638 3.27 0.937763 6.706 8.96443 4.03491 6.35094 
7.43006 3.4478 1.85586 4.69297 1.61623 4.49862 0.948103 4.92541 0.357351 4.1565 3.61813 3.47943 3.38024 6.71345 2.28473 6.97353 2.24109 6.78853 4.50031 3.1504 2.66062 4.95202 5.72693 2.81397 5.20732 2.26762 4.30732 8.62972 4.75479 4.60873 
9.91805 7.33197 6.96233 5.9357 2.42002 4.80037 10.1714 7.58383 4.93356 8.0903 7.42006 8.74046 6.68833 9.05903 9.99501 4.18412 6.90499 4.07182 8.13354 12.0695 10.6834 6.64982 6.74505 0.985951 5.98101 6.7757 11.2535 2.49062 5.43426 7.4873 
1.47763 5.49659 2.47655 3.80707 7.52386 5.92423 1.96023 1.72 4.63764 7.15268 5.64526 7.38241 2.84102 6.0529 1.87641 5.66782 3.72787 6.66984 6.03075 3.24427 1.9638 4.0508 4.78105 7.85714 2.88846 3.05002 3.25186 6.38725 4.47689 2.83397 
3.38599 7.19423 1.85569 2.96987 7.02157 7.0151 1.59424 1.43265 5.58813 5.29122 7.35435 5.43611 2.11634 4.01628 3.85894 4.97257 2.33617 5.78813 7.84391 4.13807 3.48083 2.69631 6.36277 7.82052 3.58353 2.07328 2.45734 6.59412 5.62004 4.57 
1.80602 3.76005 3.39438 4.48791 7.5133 4.63459 3.71712 2.85 3.59547 8.38475 3.90063 8.70883 3.69103 7.53236 1.71172 5.97003 4.80418 7.0412 4.24232 4.20193 2.67686 5.05594 3.14014 7.4254 2.53671 3.99881 4.98037 5.8457 3.26377 1.19269 
5.10554 6.35284 1.23693 0.206155 4.0902 5.17985 4.4363 2.00192 3.79747 4.3982 6.51768 4.8668 0.881192 4.19363 5.41156 2.07386 1.19269 3.01385 7.19381 6.72027 5.62005 1.14948 5.41244 4.93401 2.23143 0.873212 5.3969 3.8766 4.09575 4.34126 
8.18563 7.63552 4.49722 3.20351 0.967729 5.49431 7.69651 5.24585 4.69308 4.7894 7.77566 5.43721 4.14904 5.74374 8.41477 1.1957 3.9538 0.752396 8.53347 9.96976 8.79318 3.63589 6.77827 2.5742 4.48403 4.10274 8.58937 2.7366 5.21668 6.589 
3.9949 6.69481 0.69 1.66481 5.71505 6.10889 2.83833 0.906973 4.6655 4.67184 6.86035 4.95994 0.840952 3.80518 4.39483 3.672 1.22016 4.52197 7.43964 5.25 4.33166 1.5632 5.79664 6.53471 2.70248 0.765768 3.76351 5.36411 4.79901 4.245 
6.93797 5.17054 4.1639 3.40508 2.50839 2.93293 7.28204 4.70425 2.30471 6.74867 5.30028 7.35546 3.94707 7.17621 7.02957 2.42012 4.46365 3.11448 6.05957 9.09077 7.6992 4.30425 4.3736 2.03789 2.99687 4.11108 8.42597 0.576975 2.84803 4.6501 
4.55449 7.20795 1.12254 1.56416 5.56004 6.47612 3.16261 1.50333 5.03922 4.07977 7.37408 4.36312 1.08046 3.23234 4.96698 3.49357 0.766942 4.24382 7.97198 5.66993 4.84373 1.12721 6.29717 6.53093 3.13739 0.813019 3.93103 5.47457 5.2197 4.80826 
5.37587 4.15785 3.06778 2.80264 3.85001 2.55705 5.93762 3.43759 1.26669 6.80062 4.31003 7.3402 2.96243 6.81787 5.45389 2.89171 3.81251 3.88816 5.05302 7.57671 6.15481 3.77767 3.25383 3.61419 1.47139 3.22155 7.14809 2.05876 1.71467 3.1232 
1.67027 4.79292 2.43074 3.67491 7.15122 5.21457 2.68091 1.77279 3.95683 7.33984 4.94419 7.62577 2.77016 6.39065 1.90948 5.39787 3.80139 6.4377 5.35716 3.79722 2.37994 4.08923 4.06 7.34788 2.32422 3.03898 3.97555 5.83638 3.77 2.12476 
8.32633 10.5888 4.77897 4.03288 5.74259 9.2235 6.41363 5.32824 7.93545 0.305941 10.7535 0.65307 4.52832 1.51819 8.76413 4.31973 3.37243 4.09044 11.4285 9.00561 8.49075 3.18152 9.64813 7.40492 6.457 4.19606 6.5718 7.13808 8.29102 8.46643 
2.32648 4.49755 2.06189 3.18699 6.5049 4.65027 3.14963 1.56311 3.34105 7.05569 4.65653 7.3903 2.36019 6.25809 2.51269 4.80276 3.47248 5.85731 5.14615 4.46947 3.05738 3.7234 3.68973 6.67066 1.64624 2.66603 4.44375 5.15878 3.20203 1.87459 
6.30632 2.26318 5.46174 5.4595 5.60565 0.270185 7.73683 5.59 1.49646 9.46792 2.35009 10.0158 5.45415 9.47348 6.16393 5.36899 6.42925 6.22396 3.07371 8.70109 7.17668 6.42932 1.81122 4.48496 3.45701 5.75577 9.02743 3.14391 1.40036 3.33384 
5.45055 6.06897 1.77882 0.76531 3.51689 4.67985 5.02309 2.49874 3.35491 4.70821 6.23077 5.22855 1.46373 4.71594 5.7108 1.60078 1.82792 2.636 6.936 7.21372 6.03364 1.70848 5.13008 4.26663 2.09974 1.5317 6.03096 3.2039 3.7154 4.29554 
8.21659 4.8956 6.08142 5.46875 3.6964 2.37228 9.0208 6.5156 2.89249 8.75263 4.97305 9.37453 5.91341 9.26206 8.19576 4.41416 6.53143 4.88821 5.67071 10.5268 9.04854 6.38705 4.3942 2.11632 4.51453 6.11546 10.2334 1.59841 3.29565 5.47083 
3.09095 7.16224 2.12869 3.30829 7.35572 7.11973 1.21462 1.59531 5.70793 5.65212 7.31973 5.77881 2.41868 4.32844 3.57532 5.31601 2.71536 6.15092 7.77927 3.75213 3.13045 3.07584 6.35731 8.10583 3.71497 2.4084 2.16453 6.84124 5.70404 4.51136 
5.11723 0.75213 5.41133 5.8258 6.96915 1.99722 6.99011 5.29371 2.20737 10.0086 0.909065 10.4907 5.5196 9.69665 4.87308 6.29851 6.63461 7.27946 1.64639 7.49064 5.98001 6.72868 0.251794 6.08161 3.44224 5.85508 8.28196 4.60331 1.69685 2.21097 
8.75265 8.76824 4.87256 3.52666 1.9123 6.71096 7.89715 5.64384 5.82204 3.8302 8.91384 4.478 4.50632 5.06578 9.03728 1.822 3.98177 0.755844 9.66708 10.3219 9.27383 3.62581 7.88511 3.69244 5.31899 4.36716 8.6369 3.98841 6.32811 7.49753 
1.78631 5.53565 2.16749 3.50036 7.24489 5.82742 1.9799 1.41 4.50644 6.86226 5.68821 7.10226 2.53237 5.79411 2.17555 5.37272 3.4213 6.36909 6.10712 3.49497 2.2596 3.74253 4.78461 7.61694 2.69007 2.74002 3.27703 6.16623 4.37922 2.86714 
7.38253 8.63343 3.46071 2.27882 3.61386 7.04469 6.10568 4.18937 5.83545 2.31976 8.79392 2.93128 3.11541 3.08551 7.74249 2.03002 2.2241 1.94833 9.50596 8.63892 7.76789 1.87451 7.69699 5.17604 4.64091 2.86276 6.7038 4.84926 6.24443 6.80254 
4.32925 2.59786 3.59785 3.95904 5.59973 2.1747 5.63494 3.58645 1.05948 8.14617 2.7621 8.62338 3.67619 7.84272 4.26386 4.59343 4.7746 5.62617 3.45419 6.69846 5.18626 4.86148 1.6568 5.11852 1.58777 4.00739 6.92693 3.52405 0.733553 1.53883 
6.3529 3.48891 4.61824 4.34219 4.219 1.1967 7.31779 4.91874 1.01671 8.18648 3.6068 8.7571 4.53028 8.34086 6.32178 3.99362 5.37142 4.81664 4.36101 8.68332 7.19275 5.31588 2.78 3.27185 2.80236 4.79302 8.56861 1.79078 1.45097 3.60325 
5.35381 5.48631 2.03298 1.35074 3.47311 4.04428 5.23582 2.65166 2.72635 5.32886 5.64628 5.85755 1.79368 5.3448 5.56378 1.81893 2.40169 2.89456 6.36268 7.27265 6.00513 2.32019 4.55171 3.95258 1.68181 1.9588 6.32286 2.73163 3.10345 3.87093 
7.60345 5.8483 4.61064 3.68246 1.84491 3.51551 7.80082 5.21284 3.02536 6.6091 5.97245 7.23683 4.3546 7.22001 7.71447 2.28974 4.70919 2.74614 6.7297 9.70907 8.3456 4.50148 5.07666 1.39517 3.65531 4.47264 8.90126 0.651153 3.56808 5.38001 
6.93785 8.24151 3.01159 1.83308 3.65453 6.72447 5.71431 3.74433 5.47899 2.59625 8.40311 3.17238 2.66492 3.10097 7.29464 1.87067 1.80427 2.03421 9.10844 8.22927 7.33382 1.44838 7.30282 5.11674 4.21578 2.41599 6.36002 4.6546 5.87133 6.36649 
3.69709 8.81477 4.44846 5.58008 9.62996 9.19696 1.40812 3.87769 7.83747 7.02659 8.95806 6.95414 4.73017 5.3506 4.16886 7.57209 4.83939 8.33662 9.28421 2.68924 3.15217 5.18684 8.12754 10.4256 5.9014 4.68817 0.166433 9.14997 7.75188 6.17081 
5.4052 1.94003 7.23747 7.96036 9.54652 4.47161 7.83304 6.88851 4.75682 12.1329 1.85607 12.5517 7.4391 11.554 4.97668 8.74443 8.59936 9.76402 1.21491 7.44054 6.12148 8.76567 2.66811 8.6488 5.528 7.77829 9.02668 7.18858 4.22238 3.51366 
5.34439 3.47546 3.57001 3.46879 4.35239 1.89447 6.21342 3.82624 0.551543 7.51117 3.62377 8.04555 3.51746 7.48362 5.35601 3.58169 4.44775 4.5507 4.37371 7.63776 6.16604 4.43938 2.59332 3.84298 1.69815 3.80296 7.46379 2.24611 1.03315 2.78627 
0.3245 5.53946 3.676 5.00145 8.63496 6.45354 2.28862 2.92015 5.31159 8.28147 5.66873 8.47555 4.03972 7.07975 0.820731 6.83012 4.9155 7.84694 5.91166 2.38315 0.891964 5.24379 4.98258 8.84471 3.81687 4.25005 3.39949 7.32214 5.04533 3.04665 
