3 30 3
27 763 426 211 429 862 135 22 167 11 373 784 324 413 980 862 281 84 505 313 895 814 364 87 178 403 399 676 12 94 
777 335 649 
448.791 751.33 463.459 371.712 285 359.547 838.475 390.063 870.883 369.103 753.236 171.172 597.003 480.418 704.12 424.232 420.193 267.686 505.594 314.014 742.54 253.671 399.881 498.037 584.57 326.377 119.269 833.471 179.936 376.364 
165.484 393.732 371.446 499.608 241.853 232.723 578.358 514.106 628.784 178.362 566.4 507.372 238.296 262.909 345.811 584.566 689.814 557.948 262.017 403.981 422.456 111.647 203 614.479 285.671 264.62 330.092 520.5 365.826 376.085 
113.464 513.622 552.841 338.817 100.499 408.883 474.368 644.846 510.69 18.6011 411.752 454.041 312.477 115.663 404.079 706.343 568.423 463.781 140.577 536.347 589.143 218.403 34.7851 438.536 470.511 426.367 396.104 687.434 272.184 193.041 
525376 655589 134629 
882144 767712 529060 
643867 253239 542129 
258884 745183 324549 
319352 591849 77129.8 
534731 294717 397819 
859279 1.0744e+06 499794 
552424 16643.3 625259 
879269 1.12188e+06 535269 
430116 621332 36674.2 
740223 1.03934e+06 433018 
50328.9 509816 428432 
705025 704918 330510 
520461 734118 141156 
807759 802574 424736 
573147 89894.4 685610 
239727 772162 548336 
87206.7 624119 440511 
552844 744710 166784 
488895 94111.6 517464 
897396 671509 597716 
394819 415202 203039 
452283 655122 61032.8 
366191 873060 429200 
743455 527956 474068 
505202 244561 412393 
298744 266865 372651 
991805 733197 696233 
147763 549659 247655 
338599 719423 185569 
