3 30 30
676 12 94 570 467 902 652 280 865 619 31 771 709 856 586 683 528 829 270 715 796 245 921 488 841 500 124 856 227 936 
7.77 3.35 6.49 0.27 7.63 4.26 2.11 4.29 8.62 1.35 0.22 1.67 0.11 3.73 7.84 3.24 4.13 9.8 8.62 2.81 0.84 5.05 3.13 8.95 8.14 3.64 0.87 1.78 4.03 3.99 
7.00772 1.98595 2.08952 2.6643 1.73012 4.84435 1.29252 4.09238 1.828 2.78385 1.7818 5.52577 1.3333 4.95259 2.08396 5.86612 2.25162 4.74849 5.36717 1.69544 4.12393 2.98613 4.25906 2.11454 4.63199 3.67271 4.51412 6.49938 3.16735 3.15203 
5.22732 5.15637 4.15554 5.76102 1.5003 2.09898 2.89993 3.27246 2.61094 3.31904 5.01009 3.45776 4.4916 5.95836 1.38654 5.3373 4.5204 6.65111 2.19173 4.84934 1.251 4.83628 4.65843 1.91638 3.27 0.937763 6.706 8.96443 4.03491 6.35094 
7.43006 3.4478 1.85586 4.69297 1.61623 4.49862 0.948103 4.92541 0.357351 4.1565 3.61813 3.47943 3.38024 6.71345 2.28473 6.97353 2.24109 6.78853 4.50031 3.1504 2.66062 4.95202 5.72693 2.81397 5.20732 2.26762 4.30732 8.62972 4.75479 4.60873 
991.805 733.197 696.233 593.57 242.002 480.037 1017.14 758.383 493.356 809.03 742.006 874.046 668.833 905.903 999.501 418.412 690.499 407.182 813.354 1206.95 1068.34 664.982 674.505 98.5951 598.101 677.57 1125.35 249.062 543.426 748.73 
147.763 549.659 247.655 380.707 752.386 592.423 196.023 172 463.764 715.268 564.526 738.241 284.102 605.29 187.641 566.782 372.787 666.984 603.075 324.427 196.38 405.08 478.105 785.714 288.846 305.002 325.186 638.725 447.689 283.397 
338.599 719.423 185.569 296.987 702.157 701.51 159.424 143.265 558.813 529.122 735.435 543.611 211.634 401.628 385.894 497.257 233.617 578.813 784.391 413.807 348.083 269.631 636.277 782.052 358.353 207.328 245.734 659.412 562.004 457 
180.602 376.005 339.438 448.791 751.33 463.459 371.712 285 359.547 838.475 390.063 870.883 369.103 753.236 171.172 597.003 480.418 704.12 424.232 420.193 267.686 505.594 314.014 742.54 253.671 399.881 498.037 584.57 326.377 119.269 
510.554 635.284 123.693 20.6155 409.02 517.985 443.63 200.192 379.747 439.82 651.768 486.68 88.1192 419.363 541.156 207.386 119.269 301.385 719.381 672.027 562.005 114.948 541.244 493.401 223.143 87.3212 539.69 387.66 409.575 434.126 
818.563 763.552 449.722 320.351 96.7729 549.431 769.651 524.585 469.308 478.94 777.566 543.721 414.904 574.374 841.477 119.57 395.38 75.2396 853.347 996.976 879.318 363.589 677.827 257.42 448.403 410.274 858.937 273.66 521.668 658.9 
399.49 669.481 69 166.481 571.505 610.889 283.833 90.6973 466.55 467.184 686.035 495.994 84.0952 380.518 439.483 367.2 122.016 452.197 743.964 525 433.166 156.32 579.664 653.471 270.248 76.5768 376.351 536.411 479.901 424.5 
693.797 517.054 416.39 340.508 250.839 293.293 728.204 470.425 230.471 674.867 530.028 735.546 394.707 717.621 702.957 242.012 446.365 311.448 605.957 909.077 769.92 430.425 437.36 203.789 299.687 411.108 842.597 57.6975 284.803 465.01 
455.449 720.795 112.254 156.416 556.004 647.612 316.261 150.333 503.922 407.977 737.408 436.312 108.046 323.234 496.698 349.357 76.6942 424.382 797.198 566.993 484.373 112.721 629.717 653.093 313.739 81.3019 393.103 547.457 521.97 480.826 
537.587 415.785 306.778 280.264 385.001 255.705 593.762 343.759 126.669 680.062 431.003 734.02 296.243 681.787 545.389 289.171 381.251 388.816 505.302 757.671 615.481 377.767 325.383 361.419 147.139 322.155 714.809 205.876 171.467 312.32 
167.027 479.292 243.074 367.491 715.122 521.457 268.091 177.279 395.683 733.984 494.419 762.577 277.016 639.065 190.948 539.787 380.139 643.77 535.716 379.722 237.994 408.923 406 734.788 232.422 303.898 397.555 583.638 377 212.476 
832.633 1058.88 477.897 403.288 574.259 922.35 641.363 532.824 793.545 30.5941 1075.35 65.307 452.832 151.819 876.413 431.973 337.243 409.044 1142.85 900.561 849.075 318.152 964.813 740.492 645.7 419.606 657.18 713.808 829.102 846.643 
232.648 449.755 206.189 318.699 650.49 465.027 314.963 156.311 334.105 705.569 465.653 739.03 236.019 625.809 251.269 480.276 347.248 585.731 514.615 446.947 305.738 372.34 368.973 667.066 164.624 266.603 444.375 515.878 320.203 187.459 
630.632 226.318 546.174 545.95 560.565 27.0185 773.683 559 149.646 946.792 235.009 1001.58 545.415 947.348 616.393 536.899 642.925 622.396 307.371 870.109 717.668 642.932 181.122 448.496 345.701 575.577 902.743 314.391 140.036 333.384 
545.055 606.897 177.882 76.531 351.689 467.985 502.309 249.874 335.491 470.821 623.077 522.855 146.373 471.594 571.08 160.078 182.792 263.6 693.6 721.372 603.364 170.848 513.008 426.663 209.974 153.17 603.096 320.39 371.54 429.554 
821.659 489.56 608.142 546.875 369.64 237.228 902.08 651.56 289.249 875.263 497.305 937.453 591.341 926.206 819.576 441.416 653.143 488.821 567.071 1052.68 904.854 638.705 439.42 211.632 451.453 611.546 1023.34 159.841 329.565 547.083 
309.095 716.224 212.869 330.829 735.572 711.973 121.462 159.531 570.793 565.212 731.973 577.881 241.868 432.844 357.532 531.601 271.536 615.092 777.927 375.213 313.045 307.584 635.731 810.583 371.497 240.84 216.453 684.124 570.404 451.136 
511.723 75.213 541.133 582.58 696.915 199.722 699.011 529.371 220.737 1000.86 90.9065 1049.07 551.96 969.665 487.308 629.851 663.461 727.946 164.639 749.064 598.001 672.868 25.1794 608.161 344.224 585.508 828.196 460.331 169.685 221.097 
875.265 876.824 487.256 352.666 191.23 671.096 789.715 564.384 582.204 383.02 891.384 447.8 450.632 506.578 903.728 182.2 398.177 75.5844 966.708 1032.19 927.383 362.581 788.511 369.244 531.899 436.716 863.69 398.841 632.811 749.753 
178.631 553.565 216.749 350.036 724.489 582.742 197.99 141 450.644 686.226 568.821 710.226 253.237 579.411 217.555 537.272 342.13 636.909 610.712 349.497 225.96 374.253 478.461 761.694 269.007 274.002 327.703 616.623 437.922 286.714 
738.253 863.343 346.071 227.882 361.386 704.469 610.568 418.937 583.545 231.976 879.392 293.128 311.541 308.551 774.249 203.002 222.41 194.833 950.596 863.892 776.789 187.451 769.699 517.604 464.091 286.276 670.38 484.926 624.443 680.254 
432.925 259.786 359.785 395.904 559.973 217.47 563.494 358.645 105.948 814.617 276.21 862.338 367.619 784.272 426.386 459.343 477.46 562.617 345.419 669.846 518.626 486.148 165.68 511.852 158.777 400.739 692.693 352.405 73.3553 153.883 
635.29 348.891 461.824 434.219 421.9 119.67 731.779 491.874 101.671 818.648 360.68 875.71 453.028 834.086 632.178 399.362 537.142 481.664 436.101 868.332 719.275 531.588 278 327.185 280.236 479.302 856.861 179.078 145.097 360.325 
535.381 548.631 203.298 135.074 347.311 404.428 523.582 265.166 272.635 532.886 564.628 585.755 179.368 534.48 556.378 181.893 240.169 289.456 636.268 727.265 600.513 232.019 455.171 395.258 168.181 195.88 632.286 273.163 310.345 387.093 
760.345 584.83 461.064 368.246 184.491 351.551 780.082 521.284 302.536 660.91 597.245 723.683 435.46 722.001 771.447 228.974 470.919 274.614 672.97 970.907 834.56 450.148 507.666 139.517 365.531 447.264 890.126 65.1153 356.808 538.001 
693.785 824.151 301.159 183.308 365.453 672.447 571.431 374.433 547.899 259.625 840.311 317.238 266.492 310.097 729.464 187.067 180.427 203.421 910.844 822.927 733.382 144.838 730.282 511.674 421.578 241.599 636.002 465.46 587.133 636.649 
369.709 881.477 444.846 558.008 962.996 919.696 140.812 387.769 783.747 702.659 895.806 695.414 473.017 535.06 416.886 757.209 483.939 833.662 928.421 268.924 315.217 518.684 812.754 1042.56 590.14 468.817 16.6433 914.997 775.188 617.081 
540.52 194.003 723.747 796.036 954.652 447.161 783.304 688.851 475.682 1213.29 185.607 1255.17 743.91 1155.4 497.668 874.443 859.936 976.402 121.491 744.054 612.148 876.567 266.811 864.88 552.8 777.829 902.668 718.858 422.238 351.366 
534.439 347.546 357.001 346.879 435.239 189.447 621.342 382.624 55.1543 751.117 362.377 804.555 351.746 748.362 535.601 358.169 444.775 455.07 437.371 763.776 616.604 443.938 259.332 384.298 169.815 380.296 746.379 224.611 103.315 278.627 
32.45 553.946 367.6 500.145 863.496 645.354 228.862 292.015 531.159 828.147 566.873 847.555 403.972 707.975 82.0731 683.012 491.55 784.694 591.166 238.315 89.1964 524.379 498.258 884.471 381.687 425.005 339.949 732.214 504.533 304.665 
