3 30 3
27 763 426 211 429 862 135 22 167 11 373 784 324 413 980 862 281 84 505 313 895 814 364 87 178 403 399 676 12 94 
777 335 649 
448791 751330 463459 371712 285000 359547 838475 390063 870883 369103 753236 171172 597003 480418 704120 424232 420193 267686 505594 314014 742540 253671 399881 498037 584570 326377 119269 833471 179936 376364 
165484 393732 371446 499608 241853 232723 578358 514106 628784 178362 566400 507372 238296 262909 345811 584566 689814 557948 262017 403981 422456 111647 203000 614479 285671 264620 330092 520500 365826 376085 
113464 513622 552841 338817 100499 408883 474368 644846 510690 18601.1 411752 454041 312477 115663 404079 706343 568423 463781 140577 536347 589143 218403 34785.1 438536 470511 426367 396104 687434 272184 193041 
525.376 655.589 134.629 
882.144 767.712 529.06 
643.867 253.239 542.129 
258.884 745.183 324.549 
319.352 591.849 77.1298 
534.731 294.717 397.819 
859.279 1074.4 499.794 
552.424 16.6433 625.259 
879.269 1121.88 535.269 
430.116 621.332 36.6742 
740.223 1039.34 433.018 
50.3289 509.816 428.432 
705.025 704.918 330.51 
520.461 734.118 141.156 
807.759 802.574 424.736 
573.147 89.8944 685.61 
239.727 772.162 548.336 
87.2067 624.119 440.511 
552.844 744.71 166.784 
488.895 94.1116 517.464 
897.396 671.509 597.716 
394.819 415.202 203.039 
452.283 655.122 61.0328 
366.191 873.06 429.2 
743.455 527.956 474.068 
505.202 244.561 412.393 
298.744 266.865 372.651 
991.805 733.197 696.233 
147.763 549.659 247.655 
338.599 719.423 185.569 
