3 30 3
27 763 426 211 429 862 135 22 167 11 373 784 324 413 980 862 281 84 505 313 895 814 364 87 178 403 399 676 12 94 
7.77 3.35 6.49 
4.48791 7.5133 4.63459 3.71712 2.85 3.59547 8.38475 3.90063 8.70883 3.69103 7.53236 1.71172 5.97003 4.80418 7.0412 4.24232 4.20193 2.67686 5.05594 3.14014 7.4254 2.53671 3.99881 4.98037 5.8457 3.26377 1.19269 8.33471 1.79936 3.76364 
1.65484 3.93732 3.71446 4.99608 2.41853 2.32723 5.78358 5.14106 6.28784 1.78362 5.664 5.07372 2.38296 2.62909 3.45811 5.84566 6.89814 5.57948 2.62017 4.03981 4.22456 1.11647 2.03 6.14479 2.85671 2.6462 3.30092 5.205 3.65826 3.76085 
1.13464 5.13622 5.52841 3.38817 1.00499 4.08883 4.74368 6.44846 5.1069 0.186011 4.11752 4.54041 3.12477 1.15663 4.04079 7.06343 5.68423 4.63781 1.40577 5.36347 5.89143 2.18403 0.347851 4.38536 4.70511 4.26367 3.96104 6.87434 2.72184 1.93041 
525376 655589 134629 
882144 767712 529060 
643867 253239 542129 
258884 745183 324549 
319352 591849 77129.8 
534731 294717 397819 
859279 1.0744e+06 499794 
552424 16643.3 625259 
879269 1.12188e+06 535269 
430116 621332 36674.2 
740223 1.03934e+06 433018 
50328.9 509816 428432 
705025 704918 330510 
520461 734118 141156 
807759 802574 424736 
573147 89894.4 685610 
239727 772162 548336 
87206.7 624119 440511 
552844 744710 166784 
488895 94111.6 517464 
897396 671509 597716 
394819 415202 203039 
452283 655122 61032.8 
366191 873060 429200 
743455 527956 474068 
505202 244561 412393 
298744 266865 372651 
991805 733197 696233 
147763 549659 247655 
338599 719423 185569 
