3 30 3
27 763 426 211 429 862 135 22 167 11 373 784 324 413 980 862 281 84 505 313 895 814 364 87 178 403 399 676 12 94 
777000 335000 649000 
448.791 751.33 463.459 371.712 285 359.547 838.475 390.063 870.883 369.103 753.236 171.172 597.003 480.418 704.12 424.232 420.193 267.686 505.594 314.014 742.54 253.671 399.881 498.037 584.57 326.377 119.269 833.471 179.936 376.364 
165.484 393.732 371.446 499.608 241.853 232.723 578.358 514.106 628.784 178.362 566.4 507.372 238.296 262.909 345.811 584.566 689.814 557.948 262.017 403.981 422.456 111.647 203 614.479 285.671 264.62 330.092 520.5 365.826 376.085 
113.464 513.622 552.841 338.817 100.499 408.883 474.368 644.846 510.69 18.6011 411.752 454.041 312.477 115.663 404.079 706.343 568.423 463.781 140.577 536.347 589.143 218.403 34.7851 438.536 470.511 426.367 396.104 687.434 272.184 193.041 
525.376 655.589 134.629 
882.144 767.712 529.06 
643.867 253.239 542.129 
258.884 745.183 324.549 
319.352 591.849 77.1298 
534.731 294.717 397.819 
859.279 1074.4 499.794 
552.424 16.6433 625.259 
879.269 1121.88 535.269 
430.116 621.332 36.6742 
740.223 1039.34 433.018 
50.3289 509.816 428.432 
705.025 704.918 330.51 
520.461 734.118 141.156 
807.759 802.574 424.736 
573.147 89.8944 685.61 
239.727 772.162 548.336 
87.2067 624.119 440.511 
552.844 744.71 166.784 
488.895 94.1116 517.464 
897.396 671.509 597.716 
394.819 415.202 203.039 
452.283 655.122 61.0328 
366.191 873.06 429.2 
743.455 527.956 474.068 
505.202 244.561 412.393 
298.744 266.865 372.651 
991.805 733.197 696.233 
147.763 549.659 247.655 
338.599 719.423 185.569 
