3 30 3
27 763 426 211 429 862 135 22 167 11 373 784 324 413 980 862 281 84 505 313 895 814 364 87 178 403 399 676 12 94 
777000 335000 649000 
448.791 751.33 463.459 371.712 285 359.547 838.475 390.063 870.883 369.103 753.236 171.172 597.003 480.418 704.12 424.232 420.193 267.686 505.594 314.014 742.54 253.671 399.881 498.037 584.57 326.377 119.269 833.471 179.936 376.364 
165.484 393.732 371.446 499.608 241.853 232.723 578.358 514.106 628.784 178.362 566.4 507.372 238.296 262.909 345.811 584.566 689.814 557.948 262.017 403.981 422.456 111.647 203 614.479 285.671 264.62 330.092 520.5 365.826 376.085 
113.464 513.622 552.841 338.817 100.499 408.883 474.368 644.846 510.69 18.6011 411.752 454.041 312.477 115.663 404.079 706.343 568.423 463.781 140.577 536.347 589.143 218.403 34.7851 438.536 470.511 426.367 396.104 687.434 272.184 193.041 
5.25376 6.55589 1.34629 
8.82144 7.67712 5.2906 
6.43867 2.53239 5.42129 
2.58884 7.45183 3.24549 
3.19352 5.91849 0.771298 
5.34731 2.94717 3.97819 
8.59279 10.744 4.99794 
5.52424 0.166433 6.25259 
8.79269 11.2188 5.35269 
4.30116 6.21332 0.366742 
7.40223 10.3934 4.33018 
0.503289 5.09816 4.28432 
7.05025 7.04918 3.3051 
5.20461 7.34118 1.41156 
8.07759 8.02574 4.24736 
5.73147 0.898944 6.8561 
2.39727 7.72162 5.48336 
0.872067 6.24119 4.40511 
5.52844 7.4471 1.66784 
4.88895 0.941116 5.17464 
8.97396 6.71509 5.97716 
3.94819 4.15202 2.03039 
4.52283 6.55122 0.610328 
3.66191 8.7306 4.292 
7.43455 5.27956 4.74068 
5.05202 2.44561 4.12393 
2.98744 2.66865 3.72651 
9.91805 7.33197 6.96233 
1.47763 5.49659 2.47655 
3.38599 7.19423 1.85569 
