3 30 3
27 763 426 211 429 862 135 22 167 11 373 784 324 413 980 862 281 84 505 313 895 814 364 87 178 403 399 676 12 94 
777 335 649 
448791 751330 463459 371712 285000 359547 838475 390063 870883 369103 753236 171172 597003 480418 704120 424232 420193 267686 505594 314014 742540 253671 399881 498037 584570 326377 119269 833471 179936 376364 
165484 393732 371446 499608 241853 232723 578358 514106 628784 178362 566400 507372 238296 262909 345811 584566 689814 557948 262017 403981 422456 111647 203000 614479 285671 264620 330092 520500 365826 376085 
113464 513622 552841 338817 100499 408883 474368 644846 510690 18601.1 411752 454041 312477 115663 404079 706343 568423 463781 140577 536347 589143 218403 34785.1 438536 470511 426367 396104 687434 272184 193041 
5.25376 6.55589 1.34629 
8.82144 7.67712 5.2906 
6.43867 2.53239 5.42129 
2.58884 7.45183 3.24549 
3.19352 5.91849 0.771298 
5.34731 2.94717 3.97819 
8.59279 10.744 4.99794 
5.52424 0.166433 6.25259 
8.79269 11.2188 5.35269 
4.30116 6.21332 0.366742 
7.40223 10.3934 4.33018 
0.503289 5.09816 4.28432 
7.05025 7.04918 3.3051 
5.20461 7.34118 1.41156 
8.07759 8.02574 4.24736 
5.73147 0.898944 6.8561 
2.39727 7.72162 5.48336 
0.872067 6.24119 4.40511 
5.52844 7.4471 1.66784 
4.88895 0.941116 5.17464 
8.97396 6.71509 5.97716 
3.94819 4.15202 2.03039 
4.52283 6.55122 0.610328 
3.66191 8.7306 4.292 
7.43455 5.27956 4.74068 
5.05202 2.44561 4.12393 
2.98744 2.66865 3.72651 
9.91805 7.33197 6.96233 
1.47763 5.49659 2.47655 
3.38599 7.19423 1.85569 
