3 30 3
27 763 426 211 429 862 135 22 167 11 373 784 324 413 980 862 281 84 505 313 895 814 364 87 178 403 399 676 12 94 
777000 335000 649000 
4.48791 7.5133 4.63459 3.71712 2.85 3.59547 8.38475 3.90063 8.70883 3.69103 7.53236 1.71172 5.97003 4.80418 7.0412 4.24232 4.20193 2.67686 5.05594 3.14014 7.4254 2.53671 3.99881 4.98037 5.8457 3.26377 1.19269 8.33471 1.79936 3.76364 
1.65484 3.93732 3.71446 4.99608 2.41853 2.32723 5.78358 5.14106 6.28784 1.78362 5.664 5.07372 2.38296 2.62909 3.45811 5.84566 6.89814 5.57948 2.62017 4.03981 4.22456 1.11647 2.03 6.14479 2.85671 2.6462 3.30092 5.205 3.65826 3.76085 
1.13464 5.13622 5.52841 3.38817 1.00499 4.08883 4.74368 6.44846 5.1069 0.186011 4.11752 4.54041 3.12477 1.15663 4.04079 7.06343 5.68423 4.63781 1.40577 5.36347 5.89143 2.18403 0.347851 4.38536 4.70511 4.26367 3.96104 6.87434 2.72184 1.93041 
5.25376 6.55589 1.34629 
8.82144 7.67712 5.2906 
6.43867 2.53239 5.42129 
2.58884 7.45183 3.24549 
3.19352 5.91849 0.771298 
5.34731 2.94717 3.97819 
8.59279 10.744 4.99794 
5.52424 0.166433 6.25259 
8.79269 11.2188 5.35269 
4.30116 6.21332 0.366742 
7.40223 10.3934 4.33018 
0.503289 5.09816 4.28432 
7.05025 7.04918 3.3051 
5.20461 7.34118 1.41156 
8.07759 8.02574 4.24736 
5.73147 0.898944 6.8561 
2.39727 7.72162 5.48336 
0.872067 6.24119 4.40511 
5.52844 7.4471 1.66784 
4.88895 0.941116 5.17464 
8.97396 6.71509 5.97716 
3.94819 4.15202 2.03039 
4.52283 6.55122 0.610328 
3.66191 8.7306 4.292 
7.43455 5.27956 4.74068 
5.05202 2.44561 4.12393 
2.98744 2.66865 3.72651 
9.91805 7.33197 6.96233 
1.47763 5.49659 2.47655 
3.38599 7.19423 1.85569 
