3 30 30
676 12 94 570 467 902 652 280 865 619 31 771 709 856 586 683 528 829 270 715 796 245 921 488 841 500 124 856 227 936 
7.77 3.35 6.49 0.27 7.63 4.26 2.11 4.29 8.62 1.35 0.22 1.67 0.11 3.73 7.84 3.24 4.13 9.8 8.62 2.81 0.84 5.05 3.13 8.95 8.14 3.64 0.87 1.78 4.03 3.99 
7.00772 1.98595 2.08952 2.6643 1.73012 4.84435 1.29252 4.09238 1.828 2.78385 1.7818 5.52577 1.3333 4.95259 2.08396 5.86612 2.25162 4.74849 5.36717 1.69544 4.12393 2.98613 4.25906 2.11454 4.63199 3.67271 4.51412 6.49938 3.16735 3.15203 
5.22732 5.15637 4.15554 5.76102 1.5003 2.09898 2.89993 3.27246 2.61094 3.31904 5.01009 3.45776 4.4916 5.95836 1.38654 5.3373 4.5204 6.65111 2.19173 4.84934 1.251 4.83628 4.65843 1.91638 3.27 0.937763 6.706 8.96443 4.03491 6.35094 
7.43006 3.4478 1.85586 4.69297 1.61623 4.49862 0.948103 4.92541 0.357351 4.1565 3.61813 3.47943 3.38024 6.71345 2.28473 6.97353 2.24109 6.78853 4.50031 3.1504 2.66062 4.95202 5.72693 2.81397 5.20732 2.26762 4.30732 8.62972 4.75479 4.60873 
991805 733197 696233 593570 242002 480037 1.01714e+06 758383 493356 809030 742006 874046 668833 905903 999501 418412 690499 407182 813354 1.20695e+06 1.06834e+06 664982 674505 98595.1 598101 677570 1.12535e+06 249062 543426 748730 
147763 549659 247655 380707 752386 592423 196023 172000 463764 715268 564526 738241 284102 605290 187641 566782 372787 666984 603075 324427 196380 405080 478105 785714 288846 305002 325186 638725 447689 283397 
338599 719423 185569 296987 702157 701510 159424 143265 558813 529122 735435 543611 211634 401628 385894 497257 233617 578813 784391 413807 348083 269631 636277 782052 358353 207328 245734 659412 562004 457000 
180602 376005 339438 448791 751330 463459 371712 285000 359547 838475 390063 870883 369103 753236 171172 597003 480418 704120 424232 420193 267686 505594 314014 742540 253671 399881 498037 584570 326377 119269 
510554 635284 123693 20615.5 409020 517985 443630 200192 379747 439820 651768 486680 88119.2 419363 541156 207386 119269 301385 719381 672027 562005 114948 541244 493401 223143 87321.2 539690 387660 409575 434126 
818563 763552 449722 320351 96772.9 549431 769651 524585 469308 478940 777566 543721 414904 574374 841477 119570 395380 75239.6 853347 996976 879318 363589 677827 257420 448403 410274 858937 273660 521668 658900 
399490 669481 69000 166481 571505 610889 283833 90697.3 466550 467184 686035 495994 84095.2 380518 439483 367200 122016 452197 743964 525000 433166 156320 579664 653471 270248 76576.8 376351 536411 479901 424500 
693797 517054 416390 340508 250839 293293 728204 470425 230471 674867 530028 735546 394707 717621 702957 242012 446365 311448 605957 909077 769920 430425 437360 203789 299687 411108 842597 57697.5 284803 465010 
455449 720795 112254 156416 556004 647612 316261 150333 503922 407977 737408 436312 108046 323234 496698 349357 76694.2 424382 797198 566993 484373 112721 629717 653093 313739 81301.9 393103 547457 521970 480826 
537587 415785 306778 280264 385001 255705 593762 343759 126669 680062 431003 734020 296243 681787 545389 289171 381251 388816 505302 757671 615481 377767 325383 361419 147139 322155 714809 205876 171467 312320 
167027 479292 243074 367491 715122 521457 268091 177279 395683 733984 494419 762577 277016 639065 190948 539787 380139 643770 535716 379722 237994 408923 406000 734788 232422 303898 397555 583638 377000 212476 
832633 1.05888e+06 477897 403288 574259 922350 641363 532824 793545 30594.1 1.07535e+06 65307 452832 151819 876413 431973 337243 409044 1.14285e+06 900561 849075 318152 964813 740492 645700 419606 657180 713808 829102 846643 
232648 449755 206189 318699 650490 465027 314963 156311 334105 705569 465653 739030 236019 625809 251269 480276 347248 585731 514615 446947 305738 372340 368973 667066 164624 266603 444375 515878 320203 187459 
630632 226318 546174 545950 560565 27018.5 773683 559000 149646 946792 235009 1.00158e+06 545415 947348 616393 536899 642925 622396 307371 870109 717668 642932 181122 448496 345701 575577 902743 314391 140036 333384 
545055 606897 177882 76531 351689 467985 502309 249874 335491 470821 623077 522855 146373 471594 571080 160078 182792 263600 693600 721372 603364 170848 513008 426663 209974 153170 603096 320390 371540 429554 
821659 489560 608142 546875 369640 237228 902080 651560 289249 875263 497305 937453 591341 926206 819576 441416 653143 488821 567071 1.05268e+06 904854 638705 439420 211632 451453 611546 1.02334e+06 159841 329565 547083 
309095 716224 212869 330829 735572 711973 121462 159531 570793 565212 731973 577881 241868 432844 357532 531601 271536 615092 777927 375213 313045 307584 635731 810583 371497 240840 216453 684124 570404 451136 
511723 75213 541133 582580 696915 199722 699011 529371 220737 1.00086e+06 90906.5 1.04907e+06 551960 969665 487308 629851 663461 727946 164639 749064 598001 672868 25179.4 608161 344224 585508 828196 460331 169685 221097 
875265 876824 487256 352666 191230 671096 789715 564384 582204 383020 891384 447800 450632 506578 903728 182200 398177 75584.4 966708 1.03219e+06 927383 362581 788511 369244 531899 436716 863690 398841 632811 749753 
178631 553565 216749 350036 724489 582742 197990 141000 450644 686226 568821 710226 253237 579411 217555 537272 342130 636909 610712 349497 225960 374253 478461 761694 269007 274002 327703 616623 437922 286714 
738253 863343 346071 227882 361386 704469 610568 418937 583545 231976 879392 293128 311541 308551 774249 203002 222410 194833 950596 863892 776789 187451 769699 517604 464091 286276 670380 484926 624443 680254 
432925 259786 359785 395904 559973 217470 563494 358645 105948 814617 276210 862338 367619 784272 426386 459343 477460 562617 345419 669846 518626 486148 165680 511852 158777 400739 692693 352405 73355.3 153883 
635290 348891 461824 434219 421900 119670 731779 491874 101671 818648 360680 875710 453028 834086 632178 399362 537142 481664 436101 868332 719275 531588 278000 327185 280236 479302 856861 179078 145097 360325 
535381 548631 203298 135074 347311 404428 523582 265166 272635 532886 564628 585755 179368 534480 556378 181893 240169 289456 636268 727265 600513 232019 455171 395258 168181 195880 632286 273163 310345 387093 
760345 584830 461064 368246 184491 351551 780082 521284 302536 660910 597245 723683 435460 722001 771447 228974 470919 274614 672970 970907 834560 450148 507666 139517 365531 447264 890126 65115.3 356808 538001 
693785 824151 301159 183308 365453 672447 571431 374433 547899 259625 840311 317238 266492 310097 729464 187067 180427 203421 910844 822927 733382 144838 730282 511674 421578 241599 636002 465460 587133 636649 
369709 881477 444846 558008 962996 919696 140812 387769 783747 702659 895806 695414 473017 535060 416886 757209 483939 833662 928421 268924 315217 518684 812754 1.04256e+06 590140 468817 16643.3 914997 775188 617081 
540520 194003 723747 796036 954652 447161 783304 688851 475682 1.21329e+06 185607 1.25517e+06 743910 1.1554e+06 497668 874443 859936 976402 121491 744054 612148 876567 266811 864880 552800 777829 902668 718858 422238 351366 
534439 347546 357001 346879 435239 189447 621342 382624 55154.3 751117 362377 804555 351746 748362 535601 358169 444775 455070 437371 763776 616604 443938 259332 384298 169815 380296 746379 224611 103315 278627 
32450 553946 367600 500145 863496 645354 228862 292015 531159 828147 566873 847555 403972 707975 82073.1 683012 491550 784694 591166 238315 89196.4 524379 498258 884471 381687 425005 339949 732214 504533 304665 
