3 50 8
862 135 22 167 11 373 784 324 413 980 862 281 84 505 313 895 814 364 87 178 403 399 676 12 94 570 467 902 652 280 865 619 31 771 709 856 586 683 528 829 270 715 796 245 921 488 841 500 124 856 
777 335 649 27 763 426 211 429 
55.1543 751.117 362.377 804.555 351.746 748.362 535.601 358.169 444.775 455.07 437.371 763.776 616.604 443.938 259.332 384.298 169.815 380.296 746.379 224.611 103.315 278.627 470.619 449.588 525.656 366.104 329.014 418.808 426.001 190.444 459.727 71.5891 385.296 739.67 320.156 199.078 282.064 288.979 540.615 272.883 529.513 433.26 528.557 128.565 110.494 218.833 263.837 493.207 759.743 524.649 
579.008 315.626 826.906 340.847 189.307 229.611 586.986 352.121 88.1419 405.558 888.541 633.569 565.406 104.12 718.093 674.523 398.026 156.08 426.71 587.777 602.231 575.41 768.147 399.696 221.002 531.266 207.408 460.109 155.657 532.857 96.2133 468.706 421.74 289.696 400.769 728.563 270.267 740.355 259.124 741.232 442.597 370.85 243.772 556.799 624.946 328.299 554.2 211.454 443.227 926.743 
413.237 1138.8 151.182 1180.38 668.996 1080.43 438.33 805.188 785.043 908.248 115.663 691.608 554.109 801.888 207.408 812.002 479.176 702.9 836.93 661.968 359.089 276.384 879.036 529.046 723.318 349.687 701.419 877.773 700.643 643.299 757.201 520.542 467.344 1120.04 459.353 375.213 686.246 638.855 712 204.353 983.679 541.355 942.725 345.861 485.174 634.559 714.345 900.628 842.739 75.0067 
534731 294717 397819 398177 479901 144347 643845 415650 
859279 1.0744e+06 499794 419320 567056 931954 670792 556799 
552424 16643.3 625259 672060 780493 262017 759872 608232 
879269 1.12188e+06 535269 466495 632079 987555 676672 586604 
430116 621332 36674.2 98081.6 495800 539579 356709 113780 
740223 1.03934e+06 433018 401659 669928 937111 523401 469596 
50328.9 509816 428432 557000 901089 631400 309015 355968 
705025 704918 330510 200878 206712 517962 650130 405860 
520461 734118 141156 106301 487182 634209 392944 204005 
807759 802574 424736 290630 167093 601333 735759 501538 
573147 89894.4 685610 739828 856360 334349 795880 662857 
239727 772162 548336 681878 1.07162e+06 882877 260008 472488 
87206.7 624119 440511 574826 947724 730661 231106 363501 
552844 744710 166784 97529.5 456616 632785 428981 234610 
488895 94111.6 517464 561528 687922 205234 674036 504706 
897396 671509 597716 496729 179204 421684 918569 659826 
394819 415202 203039 243742 497855 344036 452306 215128 
452283 655122 61032.8 90000 494928 568961 359484 133004 
366191 873060 429200 541690 946620 907628 129757 372980 
743455 527956 474068 396440 247008 289171 784918 527523 
505202 244561 412393 428921 534068 144845 634476 420344 
298744 266865 372651 454493 696093 348455 479338 339202 
991805 733197 696233 593570 242002 480037 1.01714e+06 758383 
147763 549659 247655 380707 752386 592423 196023 172000 
338599 719423 185569 296987 702157 701510 159424 143265 
180602 376005 339438 448791 751330 463459 371712 285000 
510554 635284 123693 20615.5 409020 517985 443630 200192 
818563 763552 449722 320351 96772.9 549431 769651 524585 
399490 669481 69000 166481 571505 610889 283833 90697.3 
693797 517054 416390 340508 250839 293293 728204 470425 
455449 720795 112254 156416 556004 647612 316261 150333 
537587 415785 306778 280264 385001 255705 593762 343759 
167027 479292 243074 367491 715122 521457 268091 177279 
832633 1.05888e+06 477897 403288 574259 922350 641363 532824 
232648 449755 206189 318699 650490 465027 314963 156311 
630632 226318 546174 545950 560565 27018.5 773683 559000 
545055 606897 177882 76531 351689 467985 502309 249874 
821659 489560 608142 546875 369640 237228 902080 651560 
309095 716224 212869 330829 735572 711973 121462 159531 
511723 75213 541133 582580 696915 199722 699011 529371 
875265 876824 487256 352666 191230 671096 789715 564384 
178631 553565 216749 350036 724489 582742 197990 141000 
738253 863343 346071 227882 361386 704469 610568 418937 
432925 259786 359785 395904 559973 217470 563494 358645 
635290 348891 461824 434219 421900 119670 731779 491874 
535381 548631 203298 135074 347311 404428 523582 265166 
760345 584830 461064 368246 184491 351551 780082 521284 
693785 824151 301159 183308 365453 672447 571431 374433 
369709 881477 444846 558008 962996 919696 140812 387769 
540520 194003 723747 796036 954652 447161 783304 688851 
