3 50 8
862 135 22 167 11 373 784 324 413 980 862 281 84 505 313 895 814 364 87 178 403 399 676 12 94 570 467 902 652 280 865 619 31 771 709 856 586 683 528 829 270 715 796 245 921 488 841 500 124 856 
777 335 649 27 763 426 211 429 
55.1543 751.117 362.377 804.555 351.746 748.362 535.601 358.169 444.775 455.07 437.371 763.776 616.604 443.938 259.332 384.298 169.815 380.296 746.379 224.611 103.315 278.627 470.619 449.588 525.656 366.104 329.014 418.808 426.001 190.444 459.727 71.5891 385.296 739.67 320.156 199.078 282.064 288.979 540.615 272.883 529.513 433.26 528.557 128.565 110.494 218.833 263.837 493.207 759.743 524.649 
579.008 315.626 826.906 340.847 189.307 229.611 586.986 352.121 88.1419 405.558 888.541 633.569 565.406 104.12 718.093 674.523 398.026 156.08 426.71 587.777 602.231 575.41 768.147 399.696 221.002 531.266 207.408 460.109 155.657 532.857 96.2133 468.706 421.74 289.696 400.769 728.563 270.267 740.355 259.124 741.232 442.597 370.85 243.772 556.799 624.946 328.299 554.2 211.454 443.227 926.743 
413.237 1138.8 151.182 1180.38 668.996 1080.43 438.33 805.188 785.043 908.248 115.663 691.608 554.109 801.888 207.408 812.002 479.176 702.9 836.93 661.968 359.089 276.384 879.036 529.046 723.318 349.687 701.419 877.773 700.643 643.299 757.201 520.542 467.344 1120.04 459.353 375.213 686.246 638.855 712 204.353 983.679 541.355 942.725 345.861 485.174 634.559 714.345 900.628 842.739 75.0067 
534.731 294.717 397.819 398.177 479.901 144.347 643.845 415.65 
859.279 1074.4 499.794 419.32 567.056 931.954 670.792 556.799 
552.424 16.6433 625.259 672.06 780.493 262.017 759.872 608.232 
879.269 1121.88 535.269 466.495 632.079 987.555 676.672 586.604 
430.116 621.332 36.6742 98.0816 495.8 539.579 356.709 113.78 
740.223 1039.34 433.018 401.659 669.928 937.111 523.401 469.596 
50.3289 509.816 428.432 557 901.089 631.4 309.015 355.968 
705.025 704.918 330.51 200.878 206.712 517.962 650.13 405.86 
520.461 734.118 141.156 106.301 487.182 634.209 392.944 204.005 
807.759 802.574 424.736 290.63 167.093 601.333 735.759 501.538 
573.147 89.8944 685.61 739.828 856.36 334.349 795.88 662.857 
239.727 772.162 548.336 681.878 1071.62 882.877 260.008 472.488 
87.2067 624.119 440.511 574.826 947.724 730.661 231.106 363.501 
552.844 744.71 166.784 97.5295 456.616 632.785 428.981 234.61 
488.895 94.1116 517.464 561.528 687.922 205.234 674.036 504.706 
897.396 671.509 597.716 496.729 179.204 421.684 918.569 659.826 
394.819 415.202 203.039 243.742 497.855 344.036 452.306 215.128 
452.283 655.122 61.0328 90 494.928 568.961 359.484 133.004 
366.191 873.06 429.2 541.69 946.62 907.628 129.757 372.98 
743.455 527.956 474.068 396.44 247.008 289.171 784.918 527.523 
505.202 244.561 412.393 428.921 534.068 144.845 634.476 420.344 
298.744 266.865 372.651 454.493 696.093 348.455 479.338 339.202 
991.805 733.197 696.233 593.57 242.002 480.037 1017.14 758.383 
147.763 549.659 247.655 380.707 752.386 592.423 196.023 172 
338.599 719.423 185.569 296.987 702.157 701.51 159.424 143.265 
180.602 376.005 339.438 448.791 751.33 463.459 371.712 285 
510.554 635.284 123.693 20.6155 409.02 517.985 443.63 200.192 
818.563 763.552 449.722 320.351 96.7729 549.431 769.651 524.585 
399.49 669.481 69 166.481 571.505 610.889 283.833 90.6973 
693.797 517.054 416.39 340.508 250.839 293.293 728.204 470.425 
455.449 720.795 112.254 156.416 556.004 647.612 316.261 150.333 
537.587 415.785 306.778 280.264 385.001 255.705 593.762 343.759 
167.027 479.292 243.074 367.491 715.122 521.457 268.091 177.279 
832.633 1058.88 477.897 403.288 574.259 922.35 641.363 532.824 
232.648 449.755 206.189 318.699 650.49 465.027 314.963 156.311 
630.632 226.318 546.174 545.95 560.565 27.0185 773.683 559 
545.055 606.897 177.882 76.531 351.689 467.985 502.309 249.874 
821.659 489.56 608.142 546.875 369.64 237.228 902.08 651.56 
309.095 716.224 212.869 330.829 735.572 711.973 121.462 159.531 
511.723 75.213 541.133 582.58 696.915 199.722 699.011 529.371 
875.265 876.824 487.256 352.666 191.23 671.096 789.715 564.384 
178.631 553.565 216.749 350.036 724.489 582.742 197.99 141 
738.253 863.343 346.071 227.882 361.386 704.469 610.568 418.937 
432.925 259.786 359.785 395.904 559.973 217.47 563.494 358.645 
635.29 348.891 461.824 434.219 421.9 119.67 731.779 491.874 
535.381 548.631 203.298 135.074 347.311 404.428 523.582 265.166 
760.345 584.83 461.064 368.246 184.491 351.551 780.082 521.284 
693.785 824.151 301.159 183.308 365.453 672.447 571.431 374.433 
369.709 881.477 444.846 558.008 962.996 919.696 140.812 387.769 
540.52 194.003 723.747 796.036 954.652 447.161 783.304 688.851 
