3 50 8
862 135 22 167 11 373 784 324 413 980 862 281 84 505 313 895 814 364 87 178 403 399 676 12 94 570 467 902 652 280 865 619 31 771 709 856 586 683 528 829 270 715 796 245 921 488 841 500 124 856 
7.77 3.35 6.49 0.27 7.63 4.26 2.11 4.29 
0.551543 7.51117 3.62377 8.04555 3.51746 7.48362 5.35601 3.58169 4.44775 4.5507 4.37371 7.63776 6.16604 4.43938 2.59332 3.84298 1.69815 3.80296 7.46379 2.24611 1.03315 2.78627 4.70619 4.49588 5.25656 3.66104 3.29014 4.18808 4.26001 1.90444 4.59727 0.715891 3.85296 7.3967 3.20156 1.99078 2.82064 2.88979 5.40615 2.72883 5.29513 4.3326 5.28557 1.28565 1.10494 2.18833 2.63837 4.93207 7.59743 5.24649 
5.79008 3.15626 8.26906 3.40847 1.89307 2.29611 5.86986 3.52121 0.881419 4.05558 8.88541 6.33569 5.65406 1.0412 7.18093 6.74523 3.98026 1.5608 4.2671 5.87777 6.02231 5.7541 7.68147 3.99696 2.21002 5.31266 2.07408 4.60109 1.55657 5.32857 0.962133 4.68706 4.2174 2.89696 4.00769 7.28563 2.70267 7.40355 2.59124 7.41232 4.42597 3.7085 2.43772 5.56799 6.24946 3.28299 5.542 2.11454 4.43227 9.26743 
4.13237 11.388 1.51182 11.8038 6.68996 10.8043 4.3833 8.05188 7.85043 9.08248 1.15663 6.91608 5.54109 8.01888 2.07408 8.12002 4.79176 7.029 8.3693 6.61968 3.59089 2.76384 8.79036 5.29046 7.23318 3.49687 7.01419 8.77773 7.00643 6.43299 7.57201 5.20542 4.67344 11.2004 4.59353 3.75213 6.86246 6.38855 7.12 2.04353 9.83679 5.41355 9.42725 3.45861 4.85174 6.34559 7.14345 9.00628 8.42739 0.750067 
534731 294717 397819 398177 479901 144347 643845 415650 
859279 1.0744e+06 499794 419320 567056 931954 670792 556799 
552424 16643.3 625259 672060 780493 262017 759872 608232 
879269 1.12188e+06 535269 466495 632079 987555 676672 586604 
430116 621332 36674.2 98081.6 495800 539579 356709 113780 
740223 1.03934e+06 433018 401659 669928 937111 523401 469596 
50328.9 509816 428432 557000 901089 631400 309015 355968 
705025 704918 330510 200878 206712 517962 650130 405860 
520461 734118 141156 106301 487182 634209 392944 204005 
807759 802574 424736 290630 167093 601333 735759 501538 
573147 89894.4 685610 739828 856360 334349 795880 662857 
239727 772162 548336 681878 1.07162e+06 882877 260008 472488 
87206.7 624119 440511 574826 947724 730661 231106 363501 
552844 744710 166784 97529.5 456616 632785 428981 234610 
488895 94111.6 517464 561528 687922 205234 674036 504706 
897396 671509 597716 496729 179204 421684 918569 659826 
394819 415202 203039 243742 497855 344036 452306 215128 
452283 655122 61032.8 90000 494928 568961 359484 133004 
366191 873060 429200 541690 946620 907628 129757 372980 
743455 527956 474068 396440 247008 289171 784918 527523 
505202 244561 412393 428921 534068 144845 634476 420344 
298744 266865 372651 454493 696093 348455 479338 339202 
991805 733197 696233 593570 242002 480037 1.01714e+06 758383 
147763 549659 247655 380707 752386 592423 196023 172000 
338599 719423 185569 296987 702157 701510 159424 143265 
180602 376005 339438 448791 751330 463459 371712 285000 
510554 635284 123693 20615.5 409020 517985 443630 200192 
818563 763552 449722 320351 96772.9 549431 769651 524585 
399490 669481 69000 166481 571505 610889 283833 90697.3 
693797 517054 416390 340508 250839 293293 728204 470425 
455449 720795 112254 156416 556004 647612 316261 150333 
537587 415785 306778 280264 385001 255705 593762 343759 
167027 479292 243074 367491 715122 521457 268091 177279 
832633 1.05888e+06 477897 403288 574259 922350 641363 532824 
232648 449755 206189 318699 650490 465027 314963 156311 
630632 226318 546174 545950 560565 27018.5 773683 559000 
545055 606897 177882 76531 351689 467985 502309 249874 
821659 489560 608142 546875 369640 237228 902080 651560 
309095 716224 212869 330829 735572 711973 121462 159531 
511723 75213 541133 582580 696915 199722 699011 529371 
875265 876824 487256 352666 191230 671096 789715 564384 
178631 553565 216749 350036 724489 582742 197990 141000 
738253 863343 346071 227882 361386 704469 610568 418937 
432925 259786 359785 395904 559973 217470 563494 358645 
635290 348891 461824 434219 421900 119670 731779 491874 
535381 548631 203298 135074 347311 404428 523582 265166 
760345 584830 461064 368246 184491 351551 780082 521284 
693785 824151 301159 183308 365453 672447 571431 374433 
369709 881477 444846 558008 962996 919696 140812 387769 
540520 194003 723747 796036 954652 447161 783304 688851 
