3 50 8
862 135 22 167 11 373 784 324 413 980 862 281 84 505 313 895 814 364 87 178 403 399 676 12 94 570 467 902 652 280 865 619 31 771 709 856 586 683 528 829 270 715 796 245 921 488 841 500 124 856 
7.77 3.35 6.49 0.27 7.63 4.26 2.11 4.29 
55.1543 751.117 362.377 804.555 351.746 748.362 535.601 358.169 444.775 455.07 437.371 763.776 616.604 443.938 259.332 384.298 169.815 380.296 746.379 224.611 103.315 278.627 470.619 449.588 525.656 366.104 329.014 418.808 426.001 190.444 459.727 71.5891 385.296 739.67 320.156 199.078 282.064 288.979 540.615 272.883 529.513 433.26 528.557 128.565 110.494 218.833 263.837 493.207 759.743 524.649 
579.008 315.626 826.906 340.847 189.307 229.611 586.986 352.121 88.1419 405.558 888.541 633.569 565.406 104.12 718.093 674.523 398.026 156.08 426.71 587.777 602.231 575.41 768.147 399.696 221.002 531.266 207.408 460.109 155.657 532.857 96.2133 468.706 421.74 289.696 400.769 728.563 270.267 740.355 259.124 741.232 442.597 370.85 243.772 556.799 624.946 328.299 554.2 211.454 443.227 926.743 
413.237 1138.8 151.182 1180.38 668.996 1080.43 438.33 805.188 785.043 908.248 115.663 691.608 554.109 801.888 207.408 812.002 479.176 702.9 836.93 661.968 359.089 276.384 879.036 529.046 723.318 349.687 701.419 877.773 700.643 643.299 757.201 520.542 467.344 1120.04 459.353 375.213 686.246 638.855 712 204.353 983.679 541.355 942.725 345.861 485.174 634.559 714.345 900.628 842.739 75.0067 
5.34731 2.94717 3.97819 3.98177 4.79901 1.44347 6.43845 4.1565 
8.59279 10.744 4.99794 4.1932 5.67056 9.31954 6.70792 5.56799 
5.52424 0.166433 6.25259 6.7206 7.80493 2.62017 7.59872 6.08232 
8.79269 11.2188 5.35269 4.66495 6.32079 9.87555 6.76672 5.86604 
4.30116 6.21332 0.366742 0.980816 4.958 5.39579 3.56709 1.1378 
7.40223 10.3934 4.33018 4.01659 6.69928 9.37111 5.23401 4.69596 
0.503289 5.09816 4.28432 5.57 9.01089 6.314 3.09015 3.55968 
7.05025 7.04918 3.3051 2.00878 2.06712 5.17962 6.5013 4.0586 
5.20461 7.34118 1.41156 1.06301 4.87182 6.34209 3.92944 2.04005 
8.07759 8.02574 4.24736 2.9063 1.67093 6.01333 7.35759 5.01538 
5.73147 0.898944 6.8561 7.39828 8.5636 3.34349 7.9588 6.62857 
2.39727 7.72162 5.48336 6.81878 10.7162 8.82877 2.60008 4.72488 
0.872067 6.24119 4.40511 5.74826 9.47724 7.30661 2.31106 3.63501 
5.52844 7.4471 1.66784 0.975295 4.56616 6.32785 4.28981 2.3461 
4.88895 0.941116 5.17464 5.61528 6.87922 2.05234 6.74036 5.04706 
8.97396 6.71509 5.97716 4.96729 1.79204 4.21684 9.18569 6.59826 
3.94819 4.15202 2.03039 2.43742 4.97855 3.44036 4.52306 2.15128 
4.52283 6.55122 0.610328 0.9 4.94928 5.68961 3.59484 1.33004 
3.66191 8.7306 4.292 5.4169 9.4662 9.07628 1.29757 3.7298 
7.43455 5.27956 4.74068 3.9644 2.47008 2.89171 7.84918 5.27523 
5.05202 2.44561 4.12393 4.28921 5.34068 1.44845 6.34476 4.20344 
2.98744 2.66865 3.72651 4.54493 6.96093 3.48455 4.79338 3.39202 
9.91805 7.33197 6.96233 5.9357 2.42002 4.80037 10.1714 7.58383 
1.47763 5.49659 2.47655 3.80707 7.52386 5.92423 1.96023 1.72 
3.38599 7.19423 1.85569 2.96987 7.02157 7.0151 1.59424 1.43265 
1.80602 3.76005 3.39438 4.48791 7.5133 4.63459 3.71712 2.85 
5.10554 6.35284 1.23693 0.206155 4.0902 5.17985 4.4363 2.00192 
8.18563 7.63552 4.49722 3.20351 0.967729 5.49431 7.69651 5.24585 
3.9949 6.69481 0.69 1.66481 5.71505 6.10889 2.83833 0.906973 
6.93797 5.17054 4.1639 3.40508 2.50839 2.93293 7.28204 4.70425 
4.55449 7.20795 1.12254 1.56416 5.56004 6.47612 3.16261 1.50333 
5.37587 4.15785 3.06778 2.80264 3.85001 2.55705 5.93762 3.43759 
1.67027 4.79292 2.43074 3.67491 7.15122 5.21457 2.68091 1.77279 
8.32633 10.5888 4.77897 4.03288 5.74259 9.2235 6.41363 5.32824 
2.32648 4.49755 2.06189 3.18699 6.5049 4.65027 3.14963 1.56311 
6.30632 2.26318 5.46174 5.4595 5.60565 0.270185 7.73683 5.59 
5.45055 6.06897 1.77882 0.76531 3.51689 4.67985 5.02309 2.49874 
8.21659 4.8956 6.08142 5.46875 3.6964 2.37228 9.0208 6.5156 
3.09095 7.16224 2.12869 3.30829 7.35572 7.11973 1.21462 1.59531 
5.11723 0.75213 5.41133 5.8258 6.96915 1.99722 6.99011 5.29371 
8.75265 8.76824 4.87256 3.52666 1.9123 6.71096 7.89715 5.64384 
1.78631 5.53565 2.16749 3.50036 7.24489 5.82742 1.9799 1.41 
7.38253 8.63343 3.46071 2.27882 3.61386 7.04469 6.10568 4.18937 
4.32925 2.59786 3.59785 3.95904 5.59973 2.1747 5.63494 3.58645 
6.3529 3.48891 4.61824 4.34219 4.219 1.1967 7.31779 4.91874 
5.35381 5.48631 2.03298 1.35074 3.47311 4.04428 5.23582 2.65166 
7.60345 5.8483 4.61064 3.68246 1.84491 3.51551 7.80082 5.21284 
6.93785 8.24151 3.01159 1.83308 3.65453 6.72447 5.71431 3.74433 
3.69709 8.81477 4.44846 5.58008 9.62996 9.19696 1.40812 3.87769 
5.4052 1.94003 7.23747 7.96036 9.54652 4.47161 7.83304 6.88851 
