3 5 8
862 135 22 167 11 
777000 335000 649000 27000 763000 426000 211000 429000 
798.875 181.122 1055.98 160.798 418.007 
423.275 433.377 674.016 472.365 40.3113 
288.591 1071.31 20.5913 1119.17 619.887 
534731 294717 397819 398177 479901 144347 643845 415650 
859279 1.0744e+06 499794 419320 567056 931954 670792 556799 
552424 16643.3 625259 672060 780493 262017 759872 608232 
879269 1.12188e+06 535269 466495 632079 987555 676672 586604 
430116 621332 36674.2 98081.6 495800 539579 356709 113780 
