3 5 8
862 135 22 167 11 
777000 335000 649000 27000 763000 426000 211000 429000 
798875 181122 1.05598e+06 160798 418007 
423275 433377 674016 472365 40311.3 
288591 1.07131e+06 20591.3 1.11917e+06 619887 
534.731 294.717 397.819 398.177 479.901 144.347 643.845 415.65 
859.279 1074.4 499.794 419.32 567.056 931.954 670.792 556.799 
552.424 16.6433 625.259 672.06 780.493 262.017 759.872 608.232 
879.269 1121.88 535.269 466.495 632.079 987.555 676.672 586.604 
430.116 621.332 36.6742 98.0816 495.8 539.579 356.709 113.78 
