3 5 8
862 135 22 167 11 
777000 335000 649000 27000 763000 426000 211000 429000 
7.98875 1.81122 10.5598 1.60798 4.18007 
4.23275 4.33377 6.74016 4.72365 0.403113 
2.88591 10.7131 0.205913 11.1917 6.19887 
5.34731 2.94717 3.97819 3.98177 4.79901 1.44347 6.43845 4.1565 
8.59279 10.744 4.99794 4.1932 5.67056 9.31954 6.70792 5.56799 
5.52424 0.166433 6.25259 6.7206 7.80493 2.62017 7.59872 6.08232 
8.79269 11.2188 5.35269 4.66495 6.32079 9.87555 6.76672 5.86604 
4.30116 6.21332 0.366742 0.980816 4.958 5.39579 3.56709 1.1378 
